QEC =   -4.886 MeV,                            23_11 ---------> 23_10  |  23_10 ----------> 23_11
  23  11     0.010     1.000    -0.003  -100.000  -100.000  -100.000    -1.743  -100.000    -1.379      4
  23  11     0.010     2.000    -0.001  -100.000  -100.000  -100.000    -1.743  -100.000    -1.379      4
  23  11     0.010     3.000     0.003  -100.000  -100.000  -100.000    -1.743  -100.000    -1.379      4
  23  11     0.010     4.000     0.012  -100.000  -100.000  -100.000    -1.744  -100.000    -1.380      4
  23  11     0.010     5.000     0.053  -100.000  -100.000  -100.000    -1.744  -100.000    -1.381      4
  23  11     0.010     6.000     0.215  -100.000  -100.000  -100.000    -1.749  -100.000    -1.389      4
  23  11     0.010     7.000     0.711  -100.000  -100.000  -100.000    -1.786  -100.000    -1.450      4
  23  11     0.010     8.000     1.936  -100.000  -100.000  -100.000    -2.064  -100.000    -1.860      4
  23  11     0.010     9.000     4.671  -100.000    -4.355    -5.010  -100.000  -100.000  -100.000      4
  23  11     0.010    10.000    10.608  -100.000     0.801     1.374  -100.000  -100.000  -100.000      4
  23  11     0.010    11.000    23.419  -100.000     3.379     4.468  -100.000  -100.000  -100.000      4
  23  11     0.100     1.000    -0.058  -100.000  -100.000  -100.000    -1.743   -54.855    -1.379      4
  23  11     0.100     2.000    -0.038  -100.000  -100.000  -100.000    -1.743   -55.857    -1.379      4
  23  11     0.100     3.000    -0.018  -100.000  -100.000  -100.000    -1.743   -56.873    -1.379      4
  23  11     0.100     4.000     0.005  -100.000  -100.000  -100.000    -1.744   -58.034    -1.380      4
  23  11     0.100     5.000     0.052  -100.000  -100.000  -100.000    -1.744   -60.383    -1.381      4
  23  11     0.100     6.000     0.214  -100.000  -100.000  -100.000    -1.749   -68.576    -1.389      4
  23  11     0.100     7.000     0.711  -100.000  -100.000  -100.000    -1.786   -93.623    -1.450      4
  23  11     0.100     8.000     1.936  -100.000  -100.000  -100.000    -2.064  -100.000    -1.860      4
  23  11     0.100     9.000     4.671  -100.000    -4.352    -5.003   -23.185  -100.000   -24.774      4
  23  11     0.100    10.000    10.608  -100.000     0.801     1.374  -100.000  -100.000  -100.000      4
  23  11     0.100    11.000    23.424  -100.000     3.379     4.468  -100.000  -100.000  -100.000      4
  23  11     0.200     1.000    -0.134  -100.000  -100.000  -100.000    -1.743   -28.001    -1.379      4
  23  11     0.200     2.000    -0.095  -100.000  -100.000  -100.000    -1.743   -29.002    -1.379      4
  23  11     0.200     3.000    -0.055  -100.000  -100.000  -100.000    -1.743   -30.007    -1.379      4
  23  11     0.200     4.000    -0.013  -100.000  -100.000  -100.000    -1.744   -31.062    -1.380      4
  23  11     0.200     5.000     0.047  -100.000  -100.000  -100.000    -1.744   -32.565    -1.381      4
  23  11     0.200     6.000     0.213  -100.000  -100.000  -100.000    -1.749   -36.747    -1.389      4
  23  11     0.200     7.000     0.711  -100.000   -99.416  -100.000    -1.786   -49.292    -1.450      4
  23  11     0.200     8.000     1.935  -100.000   -68.560   -69.843    -2.063   -80.153    -1.860      4
  23  11     0.200     9.000     4.671  -100.000    -4.341    -4.981   -14.887  -100.000   -16.176      4
  23  11     0.200    10.000    10.608  -100.000     0.801     1.374  -100.000  -100.000  -100.000      4
  23  11     0.200    11.000    23.419  -100.000     3.379     4.468  -100.000  -100.000  -100.000      4
  23  11     0.400     1.000    -0.306   -79.660   -65.137   -66.116    -1.743   -14.044    -1.379      4
  23  11     0.400     2.000    -0.227   -79.660   -64.137   -65.116    -1.743   -15.044    -1.379      4
  23  11     0.400     3.000    -0.147   -79.660   -63.135   -64.114    -1.743   -16.046    -1.379      4
  23  11     0.400     4.000    -0.067   -79.660   -62.117   -63.096    -1.744   -17.064    -1.379      4
  23  11     0.400     5.000     0.026   -79.660   -60.946   -61.925    -1.744   -18.234    -1.381      4
  23  11     0.400     6.000     0.206   -79.660   -58.672   -59.651    -1.749   -20.508    -1.389      4
  23  11     0.400     7.000     0.708   -79.660   -52.356   -53.335    -1.786   -26.825    -1.450      4
  23  11     0.400     8.000     1.934   -79.660   -36.913   -37.892    -2.063   -42.273    -1.859      4
  23  11     0.400     9.000     4.671   -79.660    -4.299    -4.900   -10.290   -76.727   -11.281      4
  23  11     0.400    10.000    10.608   -79.660     0.801     1.374   -83.348  -100.000   -84.333      4
  23  11     0.400    11.000    23.419   -79.660     3.379     4.468  -100.000  -100.000  -100.000      4
  23  11     0.700     1.000    -0.503   -48.589   -40.527   -41.258    -1.743    -8.282    -1.379      4
  23  11     0.700     2.000    -0.446   -48.589   -40.114   -40.845    -1.743    -8.695    -1.379      4
  23  11     0.700     3.000    -0.314   -48.589   -39.166   -39.897    -1.743    -9.643    -1.379      4
  23  11     0.700     4.000    -0.174   -48.589   -38.160   -38.891    -1.744   -10.650    -1.379      4
  23  11     0.700     5.000    -0.026   -48.589   -37.093   -37.824    -1.744   -11.716    -1.381      4
  23  11     0.700     6.000     0.189   -48.589   -35.543   -36.274    -1.749   -13.266    -1.389      4
  23  11     0.700     7.000     0.701   -48.589   -31.860   -32.591    -1.786   -16.950    -1.449      4
  23  11     0.700     8.000     1.931   -48.589   -23.009   -23.741    -2.062   -25.805    -1.856      4
  23  11     0.700     9.000     4.665   -48.589    -4.198    -4.716    -7.980   -45.506    -8.729      4
  23  11     0.700    10.000    10.608   -48.589     0.802     1.375   -48.965   -88.265   -49.706      4
  23  11     0.700    11.000    23.424   -48.589     3.379     4.468  -100.000  -100.000  -100.000      4
  23  11     1.000     1.000    -0.511   -36.064   -29.550   -30.122    -1.743    -6.813    -1.379      4
  23  11     1.000     2.000    -0.506   -36.064   -29.528   -30.100    -1.743    -6.834    -1.379      4
  23  11     1.000     3.000    -0.465   -36.064   -29.322   -29.894    -1.743    -7.040    -1.379      4
  23  11     1.000     4.000    -0.302   -36.064   -28.500   -29.072    -1.744    -7.862    -1.379      4
  23  11     1.000     5.000    -0.098   -36.064   -27.469   -28.041    -1.744    -8.893    -1.380      4
  23  11     1.000     6.000     0.161   -36.064   -26.166   -26.737    -1.749   -10.197    -1.388      4
  23  11     1.000     7.000     0.689   -36.064   -23.503   -24.075    -1.786   -12.860    -1.448      4
  23  11     1.000     8.000     1.925   -36.064   -17.278   -17.850    -2.060   -19.090    -1.852      4
  23  11     1.000     9.000     4.665   -36.064    -4.064    -4.487    -6.863   -32.894    -7.429      4
  23  11     1.000    10.000    10.603   -36.064     0.802     1.377   -35.032   -62.832   -35.618      4
  23  11     1.000    11.000    23.419   -36.064     3.379     4.468   -99.218  -100.000   -99.815      4
  23  11     1.500     1.000    -0.511   -25.499   -20.807   -21.195    -1.743    -5.585    -1.379      4
  23  11     1.500     2.000    -0.511   -25.499   -20.805   -21.193    -1.743    -5.587    -1.379      4
  23  11     1.500     3.000    -0.506   -25.499   -20.791   -21.179    -1.743    -5.601    -1.379      4
  23  11     1.500     4.000    -0.464   -25.499   -20.649   -21.037    -1.743    -5.742    -1.379      4
  23  11     1.500     5.000    -0.246   -25.498   -19.916   -20.303    -1.743    -6.475    -1.379      4
  23  11     1.500     6.000     0.093   -25.498   -18.779   -19.166    -1.748    -7.612    -1.387      4
  23  11     1.500     7.000     0.662   -25.498   -16.868   -17.256    -1.784    -9.523    -1.445      4
  23  11     1.500     8.000     1.913   -25.498   -12.669   -13.056    -2.054   -13.727    -1.841      4
  23  11     1.500     9.000     4.660   -25.498    -3.820    -4.100    -5.734   -22.953    -6.072      4
  23  11     1.500    10.000    10.603   -25.498     0.804     1.379   -24.010   -42.922   -24.421      4
  23  11     1.500    11.000    23.419   -25.498     3.379     4.468   -66.707   -85.989   -67.129      4
  23  11     2.000     1.000    -0.511   -19.857   -16.328   -16.583    -1.739    -4.883    -1.374      4
  23  11     2.000     2.000    -0.511   -19.857   -16.327   -16.583    -1.739    -4.883    -1.374      4
  23  11     2.000     3.000    -0.510   -19.857   -16.324   -16.579    -1.739    -4.886    -1.374      4
  23  11     2.000     4.000    -0.497   -19.857   -16.293   -16.548    -1.739    -4.917    -1.374      4
  23  11     2.000     5.000    -0.383   -19.856   -16.004   -16.259    -1.740    -5.204    -1.375      4
  23  11     2.000     6.000     0.001   -19.855   -15.038   -15.293    -1.744    -6.168    -1.381      4
  23  11     2.000     7.000     0.622   -19.855   -13.473   -13.729    -1.779    -7.733    -1.437      4
  23  11     2.000     8.000     1.895   -19.855   -10.270   -10.526    -2.042   -10.940    -1.821      4
  23  11     2.000     9.000     4.650   -19.855    -3.597    -3.768    -4.983   -17.884    -5.177      4
  23  11     2.000    10.000    10.598   -19.855     0.806     1.383   -18.367   -32.872   -18.652      4
  23  11     2.000    11.000    23.419   -19.855     3.379     4.468   -50.304   -65.177   -50.604      4
  23  11     3.000     1.000    -0.511   -13.974   -11.685   -11.746    -1.708    -4.029    -1.330      4
  23  11     3.000     2.000    -0.511   -13.974   -11.685   -11.746    -1.708    -4.029    -1.330      4
  23  11     3.000     3.000    -0.511   -13.974   -11.684   -11.745    -1.708    -4.030    -1.330      4
  23  11     3.000     4.000    -0.507   -13.974   -11.679   -11.740    -1.708    -4.035    -1.330      4
  23  11     3.000     5.000    -0.476   -13.973   -11.625   -11.686    -1.708    -4.087    -1.331      4
  23  11     3.000     6.000    -0.212   -13.969   -11.183   -11.246    -1.711    -4.523    -1.338      4
  23  11     3.000     7.000     0.510   -13.967    -9.970   -10.035    -1.742    -5.734    -1.387      4
  23  11     3.000     8.000     1.844   -13.967    -7.736    -7.802    -1.982    -7.974    -1.727      4
  23  11     3.000     9.000     4.625   -13.967    -3.229    -3.241    -3.982   -12.649    -3.993      4
  23  11     3.000    10.000    10.588   -13.967     0.813     1.395   -12.531   -22.662   -12.637      4
  23  11     3.000    11.000    23.414   -13.967     3.379     4.468   -33.731   -44.209   -33.862      4
  23  11     5.000     1.000    -0.511    -8.962    -7.594    -7.362    -1.522    -2.991    -1.068      4
  23  11     5.000     2.000    -0.511    -8.962    -7.594    -7.362    -1.522    -2.991    -1.068      4
  23  11     5.000     3.000    -0.511    -8.962    -7.594    -7.362    -1.522    -2.992    -1.068      4
  23  11     5.000     4.000    -0.510    -8.962    -7.593    -7.361    -1.522    -2.992    -1.068      4
  23  11     5.000     5.000    -0.502    -8.962    -7.585    -7.353    -1.522    -3.000    -1.069      4
  23  11     5.000     6.000    -0.420    -8.958    -7.502    -7.273    -1.523    -3.080    -1.076      4
  23  11     5.000     7.000     0.187    -8.946    -6.894    -6.677    -1.540    -3.680    -1.119      4
  23  11     5.000     8.000     1.681    -8.942    -5.408    -5.211    -1.707    -5.182    -1.348      4
  23  11     5.000     9.000     4.551    -8.941    -2.618    -2.412    -2.820    -8.075    -2.620      4
  23  11     5.000    10.000    10.552    -8.941     0.846     1.447    -7.587   -14.124    -7.476      4
  23  11     5.000    11.000    23.399    -8.941     3.381     4.473   -20.235   -27.071   -20.160      4
  23  11    10.000     1.000    -0.511    -4.839    -3.485    -2.819    -0.941    -1.271    -0.141      4
  23  11    10.000     2.000    -0.511    -4.839    -3.485    -2.819    -0.941    -1.271    -0.141      4
  23  11    10.000     3.000    -0.511    -4.839    -3.485    -2.819    -0.941    -1.271    -0.141      4
  23  11    10.000     4.000    -0.511    -4.839    -3.485    -2.819    -0.941    -1.272    -0.141      4
  23  11    10.000     5.000    -0.509    -4.839    -3.484    -2.818    -0.941    -1.272    -0.141      4
  23  11    10.000     6.000    -0.491    -4.838    -3.475    -2.810    -0.942    -1.281    -0.145      4
  23  11    10.000     7.000    -0.315    -4.830    -3.388    -2.724    -0.946    -1.367    -0.185      4
  23  11    10.000     8.000     0.982    -4.798    -2.762    -2.103    -1.002    -2.012    -0.407      4
  23  11    10.000     9.000     4.197    -4.788    -1.308    -0.671    -1.468    -3.629    -1.004      4
  23  11    10.000    10.000    10.389    -4.788     1.027     1.736    -3.570    -6.749    -3.197      4
  23  11    10.000    11.000    23.322    -4.788     3.399     4.507    -9.848   -13.267    -9.513      4
  23  11    30.000     1.000    -0.511    -1.129     1.071     2.214     0.025     1.569     2.691      4
  23  11    30.000     2.000    -0.511    -1.129     1.071     2.214     0.025     1.569     2.691      4
  23  11    30.000     3.000    -0.511    -1.129     1.071     2.214     0.025     1.569     2.691      4
  23  11    30.000     4.000    -0.511    -1.129     1.071     2.214     0.025     1.569     2.691      4
  23  11    30.000     5.000    -0.511    -1.129     1.071     2.214     0.025     1.569     2.691      4
  23  11    30.000     6.000    -0.509    -1.129     1.071     2.214     0.025     1.568     2.691      4
  23  11    30.000     7.000    -0.490    -1.129     1.074     2.217     0.025     1.565     2.688      4
  23  11    30.000     8.000    -0.302    -1.124     1.105     2.248     0.020     1.534     2.657      4
  23  11    30.000     9.000     1.461    -1.089     1.388     2.536    -0.036     1.242     2.367      4
  23  11    30.000    10.000     8.651    -1.049     2.451     3.638    -0.586     0.040     1.188      4
  23  11    30.000    11.000    22.504    -1.046     3.941     5.274    -2.676    -2.287    -1.119      4
  23  11   100.000     1.000    -0.511     1.398     4.706     6.360     2.269     4.687     6.333      5
  23  11   100.000     2.000    -0.511     1.398     4.706     6.360     2.269     4.687     6.333      5
  23  11   100.000     3.000    -0.511     1.398     4.706     6.360     2.269     4.687     6.333      5
  23  11   100.000     4.000    -0.511     1.398     4.706     6.360     2.269     4.687     6.333      5
  23  11   100.000     5.000    -0.511     1.398     4.706     6.360     2.269     4.687     6.333      5
  23  11   100.000     6.000    -0.511     1.398     4.706     6.360     2.269     4.687     6.333      5
  23  11   100.000     7.000    -0.509     1.398     4.706     6.361     2.269     4.687     6.333      5
  23  11   100.000     8.000    -0.492     1.399     4.706     6.361     2.269     4.686     6.332      5
  23  11   100.000     9.000    -0.324     1.402     4.715     6.370     2.267     4.677     6.324      5
  23  11   100.000    10.000     1.351     1.429     4.797     6.453     2.239     4.595     6.240      5
  23  11   100.000    11.000    14.012     1.544     5.399     7.068     1.909     3.964     5.607      5
